76,1
76,3
76,0
68,1
68,3
68,0
88,1
88,3
88,0
79,1
79,3
79,0
84,1
84,3
84,0
71,1
71,3
71,0
69,1
69,3
69,0
93,1
93,3
93,0
92,6
92,3
92,0
0,9
0,310
0,305
0,308
0,304
0,303
0,302
0,307
0,12
0,10
0,8
0,0
0,422
0,300
0,299
0,433
0,298
0,420
0,297
0,419
0,296
0,418
0,295
0,294
0,416
0,293
0,432
0,292
0,431
0,291
0,430
0,290
0,415
0,289
0,414
0,288
0,436
0,287
0,413
0,286
0,412
0,285
0,411
0,284
0,410
0,283
0,409
0,282
0,429
0,281
0,428
0,280
0,435
0,279
0,407
0,278
0,406
0,277
0,427
0,276
0,405
0,275
0,404
0,274
0,403
0,273
0,402
0,272
0,401
0,271
0,426
0,270
0,425
0,269
0,434
0,268
0,400
0,267
0,399
0,266
0,424
0,265
0,398
0,264
0,397
0,263
0,396
0,262
0,395
0,261
0,394
0,260
0,423
0,259
0,393
0,258
0,392
0,257
0,391
0,256
0,390
0,255
0,389
0,254
0,372
0,253
0,437
0,252
0,388
0,251
0,371
0,250
0,370
0,249
0,387
0,248
0,386
0,247
0,385
0,246
0,384
0,245
0,383
0,244
0,242
0,381
0,241
0,369
0,240
0,380
0,239
0,379
0,238
0,378
0,237
0,377
0,236
0,376
0,235
0,375
0,234
0,374
0,233
0,373
0,232
0,368
0,231
0,367
0,230
0,366
0,229
0,365
0,228
0,364
0,227
0,446
0,226
0,362
0,225
0,442
0,224
0,360
0,223
0,359
0,222
0,438
0,221
0,357
0,220
0,356
0,219
0,439
0,218
0,354
0,217
0,353
0,216
0,445
0,215
0,441
0,214
0,350
0,213
0,447
0,212
0,444
0,211
0,421
0,210
0,346
0,209
0,345
0,208
0,344
0,207
0,343
0,206
0,440
0,205
0,341
0,204
0,340
0,203
0,339
0,202
0,338
0,201
0,337
0,200
0,336
0,199
0,335
0,198
0,334
0,197
0,333
0,196
0,332
0,195
0,331
0,194
0,443
0,193
